3700.0 0            
3710.0 0
3720.0 0
3730.0 0
3740.0 0
3750.0 0
3760.0 0
3770.0 0
3780.0 0
3790.0 0
3800.0 0
3810.0 0
3820.0 0
3830.0 0
3840.0 0
3850.0 0
3860.0 0
3870.0 0
3880.0 0
3890.0 0
3900.0 0
3910.0 0
3920.0 0
3930.0 0
3940.0 0
3950.0 0
3960.0 0
3970.0 0
3980.0 0
3990.0 0
4000.0 0
4010.0 0
4020.0 0
4030.0 0
4040.0 0
4050.0 0
4060.0 0
4070.0 0
4080.0 0
4090.0 0
4100.0 0
4110.0 0
4120.0 0
4130.0 0
4140.0 0
4150.0 0
4160.0 0
4170.0 0
4180.0 0
4190.0 0
4200.0 0
4210.0 0
4220.0 0
4230.0 0
4240.0 0
4250.0 0
4260.0 0
4270.0 0
4280.0 0
4290.0 0
4300.0 0
4310.0 0
4320.0 0
4330.0 0
4340.0 0
4350.0 0
4360.0 0
4370.0 0
4380.0 0
4390.0 0
4400.0 0
4410.0 0
4420.0 0
4430.0 0
4440.0 0
4450.0 0
4460.0 0
4470.0 0
4480.0 0
4490.0 0
4500.0 0
4510.0 0
4520.0 0
4530.0 0
4540.0 0
4550.0 0
4560.0 0
4570.0 0
4580.0 0
4590.0 0
4600.0 0
4610.0 0
4620.0 0
4630.0 0
4640.0 0
4650.0 0
4660.0 0
4670.0 0
4680.0 0
4690.0 0
4700.0 0
4710.0 0
4720.0 0
4730.0 0
4740.0 0
4750.0 0
4760.0 0
4770.0 0
4780.0 0
4790.0 0
4800.0 0
4810.0 0
4820.0 0
4830.0 0
4840.0 0
4850.0 0
4860.0 0
4870.0 0
4880.0 0
4890.0 0
4900.0 0
4910.0 0
4920.0 0
4930.0 0
4940.0 0
4950.0 0
4960.0 0
4970.0 0
4980.0 0
4990.0 0
5000.0 5.32E-46
5010.0 2.77E-45
5020.0 1.24E-44
5030.0 6.01E-44
5040.0 3.05E-43
5050.0 1.58E-42
5060.0 8.01E-42
5070.0 3.74E-41
5080.0 1.58E-40
5090.0 6.28E-40
5100.0 2.48E-39
5110.0 1.01E-38
5120.0 4.4E-38
5130.0 2.09E-37
5140.0 1.08E-36
5150.0 6.14E-36
5160.0 3.83E-35
5170.0 2.64E-34
5180.0 2.01E-33
5190.0 1.7E-32
5200.0 1.61E-31
5210.0 1.69E-30
5220.0 2E-29
5230.0 2.74E-28
5240.0 4.37E-27
5250.0 8.27E-26
5260.0 1.91E-24
5270.0 5.54E-23
5280.0 2.11E-21
5290.0 1.12E-19
5300.0 9.01E-18
5310.0 1.23E-15
5320.0 3.82E-13
5330.0 4.79E-10
5340.0 0.00000289
5350.0 0.012805477
5360.0 0.612539677
5370.0 0.864870172
5380.0 0.941849288
5390.0 0.950873851
5400.0 0.959454283
5410.0 0.958181961
5420.0 0.959512699
5430.0 0.973002241
5440.0 0.974923528
5450.0 0.976010542
5460.0 0.978430963
5470.0 0.975368666
5480.0 0.982053559
5490.0 0.976444097
5500.0 0.986430496
5510.0 0.975518676
5520.0 0.979659897
5530.0 0.984703718
5540.0 0.987151984
5550.0 0.985913945
5560.0 0.985100938
5570.0 0.989610009
5580.0 0.987890264
5590.0 0.992174743
5600.0 0.988342754
5610.0 0.988324968
5620.0 0.992345129
5630.0 0.988216462
5640.0 0.991838477
5650.0 0.992508987
5660.0 0.990769754
5670.0 0.994083071
5680.0 0.98862235
5690.0 0.987929125
5700.0 0.992784097
5710.0 0.988025981
5720.0 0.989563482
5730.0 0.993221645
5740.0 0.989242469
5750.0 0.99158698
5760.0 0.991556783
5770.0 0.986369118
5780.0 0.991347328
5790.0 0.985857103
5800.0 0.979740126
5810.0 0.969372987
5820.0 0.868410171
5830.0 0.589292302
5840.0 0.186190946
5850.0 0.047290299
5860.0 0.016422981
5870.0 0.008061404
5880.0 0.005384108
5890.0 0.004744697
5900.0 0.005452074
5910.0 0.008172346
5920.0 0.016251994
5930.0 0.044139121
5940.0 0.159921422
5950.0 0.523959994
5960.0 0.838343262
5970.0 0.952840577
5980.0 0.986667426
5990.0 0.982013181
6000.0 0.990905416
6010.0 0.994662728
6020.0 0.990185298
6030.0 0.992969631
6040.0 0.996939309
6050.0 0.994315003
6060.0 0.992780216
6070.0 0.995878828
6080.0 0.995218471
6090.0 0.992859591
6100.0 0.99482446
6110.0 0.997044394
6120.0 0.995002904
6130.0 0.993142767
6140.0 0.995481415
6150.0 0.996390449
6160.0 0.993152316
6170.0 0.992408513
6180.0 0.995365943
6190.0 0.996947318
6200.0 0.993696861
6210.0 0.992166251
6220.0 0.995414741
6230.0 0.997390662
6240.0 0.994616685
6250.0 0.991704036
6260.0 0.994184339
6270.0 0.997337364
6280.0 0.995918118
6290.0 0.992794293
6300.0 0.993487264
6310.0 0.996837431
6320.0 0.996820223
6330.0 0.993773178
6340.0 0.993078224
6350.0 0.995922921
6360.0 0.997359878
6370.0 0.994911577
6380.0 0.992893268
6390.0 0.994689971
6400.0 0.997563379
6410.0 0.996472628
6420.0 0.993126997
6430.0 0.992757502
6440.0 0.995630982
6450.0 0.997129648
6460.0 0.994755971
6470.0 0.992567245
6480.0 0.99392352
6490.0 0.996876004
6500.0 0.997205192
6510.0 0.995213078
6520.0 0.994798763
6530.0 0.996829258
6540.0 0.997598952
6550.0 0.994885097
6560.0 0.992014592
6570.0 0.993097689
6580.0 0.996674626
6590.0 0.997423451
6600.0 0.993881176
6610.0 0.990788181
6620.0 0.992246183
6630.0 0.996010746
6640.0 0.996777909
6650.0 0.993844049
6660.0 0.991943487
6670.0 0.994164279
6680.0 0.997514802
6690.0 0.997303126
6700.0 0.994036981
6710.0 0.992569977
6720.0 0.994889026
6730.0 0.99734988
6740.0 0.996041129
6750.0 0.992608209
6760.0 0.991788642
6770.0 0.994464515
6780.0 0.996492908
6790.0 0.994930378
6800.0 0.992470845
6810.0 0.993198947
6820.0 0.996210855
6830.0 0.996812803
6840.0 0.993772148
6850.0 0.99156596
6860.0 0.993642002
6870.0 0.996962941
6880.0 0.996409092
6890.0 0.992896978
6900.0 0.992099077
6910.0 0.995217094
6920.0 0.996691108
6930.0 0.99318201
6940.0 0.989647359
6950.0 0.991244239
6960.0 0.994202856
6970.0 0.99211301
6980.0 0.988093727
6990.0 0.989397215
7000.0 0.992672632
7010.0 0.989884042
7020.0 0.986055114
7030.0 0.988239552
7040.0 0.985934951
7050.0 0.978338174
7060.0 0.983902074
7070.0 0.969217275
7080.0 0.917808477
7090.0 0.827173853
7100.0 0.362473936
7110.0 0.057206512
7120.0 0.004969481
7130.0 0.000474075
7140.0 6.08095E-05
7150.0 1.01702E-05
7160.0 2.09955E-06
7170.0 0.000000513
7180.0 0.000000143
7190.0 0.000000045
7200.0 1.56E-08
7210.0 5.89E-09
7220.0 2.4E-09
7230.0 1.04E-09
7240.0 4.84E-10
7250.0 2.37E-10
7260.0 1.22E-10
7270.0 6.59E-11
7280.0 3.72E-11
7290.0 2.19E-11
7300.0 1.34E-11
7310.0 8.56E-12
7320.0 5.64E-12
7330.0 3.85E-12
7340.0 2.71E-12
7350.0 1.97E-12
7360.0 1.48E-12
7370.0 1.14E-12
7380.0 9.06E-13
7390.0 7.39E-13
7400.0 6.2E-13
7410.0 5.33E-13
7420.0 4.71E-13
7430.0 4.27E-13
7440.0 3.96E-13
7450.0 3.77E-13
7460.0 3.68E-13
7470.0 3.68E-13
7480.0 3.77E-13
7490.0 3.96E-13
7500.0 4.26E-13
7510.0 4.61E-13
7520.0 4.96E-13
7530.0 5.31E-13
7540.0 5.66E-13
7550.0 6.01E-13
7560.0 6.36E-13
7570.0 6.71E-13
7580.0 7.06E-13
7590.0 7.41E-13
7600.0 7.76E-13
7610.0 8.11E-13
7620.0 8.46E-13
7630.0 8.81E-13
7640.0 9.16E-13
7650.0 9.51E-13
7660.0 9.86E-13
7670.0 1.021E-12
7680.0 1.056E-12
7690.0 1.091E-12
7700.0 1.126E-12
7710.0 1.161E-12
7720.0 1.196E-12
7730.0 1.231E-12
7740.0 1.266E-12
7750.0 1.301E-12
7760.0 1.336E-12
7770.0 1.371E-12
7780.0 1.406E-12
7790.0 1.441E-12
7800.0 1.476E-12
7810.0 1.511E-12
7820.0 1.546E-12
7830.0 1.581E-12
7840.0 1.616E-12
7850.0 1.651E-12
7860.0 1.686E-12
7870.0 1.721E-12
7880.0 1.756E-12
7890.0 1.791E-12
7900.0 1.826E-12
7910.0 1.861E-12
7920.0 1.896E-12
7930.0 1.931E-12
7940.0 1.966E-12
7950.0 2.001E-12
7960.0 2.036E-12
7970.0 2.071E-12
7980.0 2.106E-12
7990.0 2.141E-12
8000.0 2.176E-12
8010.0 2.211E-12
8020.0 2.246E-12
8030.0 2.281E-12
8040.0 2.316E-12
8050.0 2.351E-12
8060.0 2.386E-12
8070.0 2.421E-12
8080.0 2.456E-12
8090.0 2.491E-12
8100.0 2.526E-12
8110.0 2.561E-12
8120.0 2.596E-12
8130.0 2.631E-12
8140.0 2.666E-12
8150.0 2.701E-12
8160.0 2.736E-12
8170.0 2.771E-12
8180.0 2.806E-12
8190.0 2.841E-12
8200.0 2.876E-12
8210.0 2.911E-12
8220.0 2.946E-12
8230.0 2.981E-12
8240.0 3.016E-12
8250.0 3.051E-12
8260.0 3.086E-12
8270.0 3.121E-12
8280.0 3.156E-12
8290.0 3.191E-12
8300.0 3.226E-12
8310.0 3.261E-12
8320.0 3.296E-12
8330.0 3.331E-12
8340.0 3.366E-12
8350.0 3.401E-12
8360.0 3.436E-12
8370.0 3.471E-12
8380.0 3.506E-12
8390.0 3.541E-12
8400.0 3.576E-12
8410.0 3.611E-12
8420.0 3.646E-12
8430.0 3.681E-12
8440.0 3.716E-12
8450.0 3.751E-12
8460.0 3.786E-12
8470.0 3.821E-12
8480.0 3.856E-12
8490.0 3.891E-12
8500.0 3.926E-12
8510.0 3.961E-12
8520.0 3.996E-12
8530.0 4.031E-12
8540.0 4.066E-12
8550.0 4.101E-12
8560.0 4.136E-12
8570.0 4.171E-12
8580.0 4.206E-12
8590.0 4.241E-12
8600.0 4.276E-12
8610.0 4.311E-12
8620.0 4.346E-12
8630.0 4.381E-12
8640.0 4.416E-12
8650.0 4.451E-12
8660.0 4.486E-12
8670.0 4.521E-12
8680.0 4.556E-12
8690.0 4.591E-12
8700.0 4.626E-12
8710.0 4.661E-12
8720.0 4.696E-12
8730.0 4.731E-12
8740.0 4.766E-12
8750.0 4.801E-12
8760.0 4.836E-12
8770.0 4.871E-12
8780.0 4.906E-12
8790.0 4.941E-12
8800.0 4.976E-12
8810.0 5.011E-12
8820.0 5.046E-12
8830.0 5.081E-12
8840.0 5.116E-12
8850.0 5.151E-12
8860.0 5.186E-12
8870.0 5.221E-12
8880.0 5.256E-12
8890.0 5.291E-12
8900.0 5.326E-12
8910.0 5.361E-12
8920.0 5.396E-12
8930.0 5.431E-12
8940.0 5.466E-12
8950.0 5.501E-12
8960.0 5.536E-12
8970.0 5.571E-12
8980.0 5.606E-12
8990.0 5.641E-12
9000.0 5.676E-12
9010.0 5.711E-12
9020.0 5.746E-12
9030.0 5.781E-12
9040.0 5.816E-12
9050.0 5.851E-12
9060.0 5.886E-12
9070.0 5.921E-12
9080.0 5.956E-12
9090.0 5.991E-12
9100.0 6.026E-12
9110.0 6.061E-12
9120.0 6.096E-12
9130.0 6.131E-12
9140.0 6.166E-12
9150.0 6.201E-12
9160.0 6.236E-12
9170.0 6.271E-12
9180.0 6.306E-12
9190.0 6.341E-12
9200.0 6.376E-12
9210.0 6.411E-12
9220.0 6.446E-12
9230.0 6.481E-12
9240.0 6.516E-12
9250.0 6.551E-12
9260.0 6.586E-12
9270.0 6.621E-12
9280.0 6.656E-12
9290.0 6.691E-12
9300.0 6.726E-12
9310.0 6.761E-12
9320.0 6.796E-12
9330.0 6.831E-12
9340.0 6.866E-12
9350.0 6.901E-12
